[2 copy.jpg]
filters=finetune2=1,0.163743,0.000000,0.168421,00000000,-0.040936;
moddate=0000f6aa4ed50000
width=1538
height=715
textactive=0
[2.jpg]
filters=finetune2=1,0.233918,0.044912,0.157193,00000000,0.000000;
moddate=0000d0ac4ed50000
width=1538
height=715
textactive=0
